# Number of simplices per dimension (all/maximal)
0	TOTAL	4234929	12
1	TOTAL	1883946807	21014672
2	TOTAL	18748487048	3074779237
3	TOTAL	14281697901	9693161219
4	TOTAL	1278627452	1186204408
5	TOTAL	17551147	17261692
6	TOTAL	45923	45697
7	TOTAL	29	29

## Subgraphs per layer pair (all/maximal)
0	LAYER_1_1	51652	12
0	LAYER_1_2	0	0
0	LAYER_1_3	0	0
0	LAYER_1_4	0	0
0	LAYER_1_5	0	0
0	LAYER_1_6	0	0
0	LAYER_2_2	536321	0
0	LAYER_2_3	0	0
0	LAYER_2_4	0	0
0	LAYER_2_5	0	0
0	LAYER_2_6	0	0
0	LAYER_3_3	641539	0
0	LAYER_3_4	0	0
0	LAYER_3_5	0	0
0	LAYER_3_6	0	0
0	LAYER_4_4	679421	0
0	LAYER_4_5	0	0
0	LAYER_4_6	0	0
0	LAYER_5_5	812896	0
0	LAYER_5_6	0	0
0	LAYER_6_6	1513100	0

1	LAYER_1_1	179604	14003
1	LAYER_1_2	3308270	86267
1	LAYER_1_3	2135227	57708
1	LAYER_1_4	974022	39207
1	LAYER_1_5	3297566	56598
1	LAYER_1_6	81606	7952
1	LAYER_2_2	54679379	415078
1	LAYER_2_3	84121023	773092
1	LAYER_2_4	45215014	655149
1	LAYER_2_5	70549856	663806
1	LAYER_2_6	26432771	938204
1	LAYER_3_3	90479709	706564
1	LAYER_3_4	118157268	1216953
1	LAYER_3_5	133683037	1097077
1	LAYER_3_6	77093167	1923698
1	LAYER_4_4	78339420	541685
1	LAYER_4_5	161206250	1435600
1	LAYER_4_6	103528653	2277028
1	LAYER_5_5	146605248	658117
1	LAYER_5_6	252530977	2721568
1	LAYER_6_6	431348740	4729318

2	LAYER_1_1	27626	14551
2	LAYER_1_2	13170044	3389858
2	LAYER_1_3	5958021	1446948
2	LAYER_1_4	1102122	338684
2	LAYER_1_5	11944460	3558353
2	LAYER_1_6	7659	4983
2	LAYER_2_2	229254311	37175532
2	LAYER_2_3	710278282	129833222
2	LAYER_2_4	213632209	48868916
2	LAYER_2_5	518102730	101346898
2	LAYER_2_6	69431369	29101129
2	LAYER_3_3	486362028	54670413
2	LAYER_3_4	1170804249	149710895
2	LAYER_3_5	1360394446	183606475
2	LAYER_3_6	319105184	107852334
2	LAYER_4_4	350649288	34021718
2	LAYER_4_5	1866458576	217126855
2	LAYER_4_6	478769979	163592937
2	LAYER_5_5	908722313	89478187
2	LAYER_5_6	2955767422	536418546
2	LAYER_6_6	3830275652	456413497

3	LAYER_1_1	395	365
3	LAYER_1_2	5120585	3929786
3	LAYER_1_3	1968159	1449768
3	LAYER_1_4	140790	111906
3	LAYER_1_5	3478026	2886789
3	LAYER_1_6	65	61
3	LAYER_2_2	100600587	67572354
3	LAYER_2_3	452642146	311269107
3	LAYER_2_4	70468556	53461860
3	LAYER_2_5	227276871	176434502
3	LAYER_2_6	15450788	13152766
3	LAYER_3_3	297018797	170824601
3	LAYER_3_4	884780211	562939006
3	LAYER_3_5	886101467	616811558
3	LAYER_3_6	91938073	73998508
3	LAYER_4_4	150517310	92827335
3	LAYER_4_5	1454654745	967133972
3	LAYER_4_6	138714317	114524684
3	LAYER_5_5	445270472	297919725
3	LAYER_5_6	2246636390	1589818845
3	LAYER_6_6	3286954369	1959174768

4	LAYER_1_1	0	0
4	LAYER_1_2	264152	251107
4	LAYER_1_3	103799	97607
4	LAYER_1_4	2705	2566
4	LAYER_1_5	104740	102015
4	LAYER_1_6	0	0
4	LAYER_2_2	6696184	6116085
4	LAYER_2_3	38729315	35559393
4	LAYER_2_4	2798804	2663918
4	LAYER_2_5	9493909	9145646
4	LAYER_2_6	537561	520727
4	LAYER_3_3	28311252	25197757
4	LAYER_3_4	80093467	73804111
4	LAYER_3_5	57797746	54653101
4	LAYER_3_6	3813657	3649625
4	LAYER_4_4	8216080	7530421
4	LAYER_4_5	116877131	109444852
4	LAYER_4_6	5050556	4871614
4	LAYER_5_5	23488354	22096077
4	LAYER_5_6	189029832	177504862
4	LAYER_6_6	384443498	346281436

5	LAYER_1_1	0	0
5	LAYER_1_2	2243	2218
5	LAYER_1_3	985	973
5	LAYER_1_4	13	13
5	LAYER_1_5	367	367
5	LAYER_1_6	0	0
5	LAYER_2_2	89736	87142
5	LAYER_2_3	632545	617873
5	LAYER_2_4	18613	18435
5	LAYER_2_5	49438	49046
5	LAYER_2_6	3340	3311
5	LAYER_3_3	493983	481547
5	LAYER_3_4	1080286	1062788
5	LAYER_3_5	480018	474991
5	LAYER_3_6	29161	28943
5	LAYER_4_4	70234	69019
5	LAYER_4_5	1220090	1205489
5	LAYER_4_6	31663	31420
5	LAYER_5_5	169081	167436
5	LAYER_5_6	2288843	2259723
5	LAYER_6_6	7256230	7100800

6	LAYER_1_1	0	0
6	LAYER_1_2	5	5
6	LAYER_1_3	1	1
6	LAYER_1_4	0	0
6	LAYER_1_5	0	0
6	LAYER_1_6	0	0
6	LAYER_2_2	374	356
6	LAYER_2_3	2499	2463
6	LAYER_2_4	25	25
6	LAYER_2_5	56	56
6	LAYER_2_6	6	6
6	LAYER_3_3	1665	1662
6	LAYER_3_4	2606	2591
6	LAYER_3_5	698	686
6	LAYER_3_6	36	36
6	LAYER_4_4	119	119
6	LAYER_4_5	2029	2021
6	LAYER_4_6	42	42
6	LAYER_5_5	185	185
6	LAYER_5_6	4865	4858
6	LAYER_6_6	24548	24421

7	LAYER_1_1	0	0
7	LAYER_1_2	0	0
7	LAYER_1_3	0	0
7	LAYER_1_4	0	0
7	LAYER_1_5	0	0
7	LAYER_1_6	0	0
7	LAYER_2_2	2	2
7	LAYER_2_3	5	5
7	LAYER_2_4	0	0
7	LAYER_2_5	0	0
7	LAYER_2_6	0	0
7	LAYER_3_3	0	0
7	LAYER_3_4	2	2
7	LAYER_3_5	2	2
7	LAYER_3_6	0	0
7	LAYER_4_4	0	0
7	LAYER_4_5	1	1
7	LAYER_4_6	0	0
7	LAYER_5_5	0	0
7	LAYER_5_6	1	1
7	LAYER_6_6	16	16

## Subgraphs per synapse_class (all/maximal)
0	SYN_Exc	3738444	0
0	SYN_Inh	496485	12

1	SYN_Exc	1700254831	18668653
1	SYN_Inh	7429009	142660

2	SYN_Exc	16670546843	2717822746
2	SYN_Inh	3445887	996113

3	SYN_Exc	12404113506	8415410642
3	SYN_Inh	129000	105566

4	SYN_Exc	1069792971	994275044
4	SYN_Inh	532	521

5	SYN_Exc	13676020	13464558
5	SYN_Inh	0	0

6	SYN_Exc	31447	31336
6	SYN_Inh	0	0

7	SYN_Exc	12	12
7	SYN_Inh	0	0

## Source to sink position per mtype (maximal only)
0	MTYPE_L1_DAC	0
0	MTYPE_L1_HAC	0
0	MTYPE_L1_LAC	0
0	MTYPE_L1_NGC-DA	1
0	MTYPE_L1_NGC-SA	9
0	MTYPE_L1_SAC	2
0	MTYPE_L23_BP	0
0	MTYPE_L23_BTC	0
0	MTYPE_L23_CHC	0
0	MTYPE_L23_DBC	0
0	MTYPE_L23_LBC	0
0	MTYPE_L23_MC	0
0	MTYPE_L23_NBC	0
0	MTYPE_L23_NGC	0
0	MTYPE_L23_SBC	0
0	MTYPE_L2_IPC	0
0	MTYPE_L2_TPC:A	0
0	MTYPE_L2_TPC:B	0
0	MTYPE_L3_TPC:A	0
0	MTYPE_L3_TPC:C	0
0	MTYPE_L4_BP	0
0	MTYPE_L4_BTC	0
0	MTYPE_L4_CHC	0
0	MTYPE_L4_DBC	0
0	MTYPE_L4_LBC	0
0	MTYPE_L4_MC	0
0	MTYPE_L4_NBC	0
0	MTYPE_L4_NGC	0
0	MTYPE_L4_SBC	0
0	MTYPE_L4_SSC	0
0	MTYPE_L4_TPC	0
0	MTYPE_L4_UPC	0
0	MTYPE_L5_BP	0
0	MTYPE_L5_BTC	0
0	MTYPE_L5_CHC	0
0	MTYPE_L5_DBC	0
0	MTYPE_L5_LBC	0
0	MTYPE_L5_MC	0
0	MTYPE_L5_NBC	0
0	MTYPE_L5_NGC	0
0	MTYPE_L5_SBC	0
0	MTYPE_L5_TPC:A	0
0	MTYPE_L5_TPC:B	0
0	MTYPE_L5_TPC:C	0
0	MTYPE_L5_UPC	0
0	MTYPE_L6_BP	0
0	MTYPE_L6_BPC	0
0	MTYPE_L6_BTC	0
0	MTYPE_L6_CHC	0
0	MTYPE_L6_DBC	0
0	MTYPE_L6_HPC	0
0	MTYPE_L6_IPC	0
0	MTYPE_L6_LBC	0
0	MTYPE_L6_MC	0
0	MTYPE_L6_NBC	0
0	MTYPE_L6_NGC	0
0	MTYPE_L6_SBC	0
0	MTYPE_L6_TPC:A	0
0	MTYPE_L6_TPC:C	0
0	MTYPE_L6_UPC	0

1	MTYPE_L1_DAC	7259	7435
1	MTYPE_L1_HAC	11119	10978
1	MTYPE_L1_LAC	3236	3325
1	MTYPE_L1_NGC-DA	7616	8136
1	MTYPE_L1_NGC-SA	6899	7302
1	MTYPE_L1_SAC	5022	5293
1	MTYPE_L23_BP	7610	9497
1	MTYPE_L23_BTC	10752	11986
1	MTYPE_L23_CHC	261	1908
1	MTYPE_L23_DBC	3757	7828
1	MTYPE_L23_LBC	20268	36213
1	MTYPE_L23_MC	11517	16246
1	MTYPE_L23_NBC	7356	28343
1	MTYPE_L23_NGC	1230	4382
1	MTYPE_L23_SBC	2611	7587
1	MTYPE_L2_IPC	28409	33144
1	MTYPE_L2_TPC:A	54232	52588
1	MTYPE_L2_TPC:B	312971	313271
1	MTYPE_L3_TPC:A	415325	417709
1	MTYPE_L3_TPC:C	125149	114216
1	MTYPE_L4_BP	1096	1870
1	MTYPE_L4_BTC	4099	4568
1	MTYPE_L4_CHC	210	298
1	MTYPE_L4_DBC	859	1628
1	MTYPE_L4_LBC	5946	11100
1	MTYPE_L4_MC	6310	8716
1	MTYPE_L4_NBC	1950	8200
1	MTYPE_L4_NGC	212	933
1	MTYPE_L4_SBC	373	1660
1	MTYPE_L4_SSC	46898	55877
1	MTYPE_L4_TPC	360396	382242
1	MTYPE_L4_UPC	150556	152935
1	MTYPE_L5_BP	1401	3485
1	MTYPE_L5_BTC	10466	15976
1	MTYPE_L5_CHC	543	710
1	MTYPE_L5_DBC	1028	4031
1	MTYPE_L5_LBC	24351	35876
1	MTYPE_L5_MC	10895	15681
1	MTYPE_L5_NBC	9574	24528
1	MTYPE_L5_NGC	1464	3747
1	MTYPE_L5_SBC	763	4088
1	MTYPE_L5_TPC:A	308362	325894
1	MTYPE_L5_TPC:B	230767	250966
1	MTYPE_L5_TPC:C	38346	46143
1	MTYPE_L5_UPC	44168	45025
1	MTYPE_L6_BP	2220	5216
1	MTYPE_L6_BPC	205958	245227
1	MTYPE_L6_BTC	2920	13147
1	MTYPE_L6_CHC	1844	2479
1	MTYPE_L6_DBC	3207	7558
1	MTYPE_L6_HPC	182178	225953
1	MTYPE_L6_IPC	260283	304806
1	MTYPE_L6_LBC	23646	36454
1	MTYPE_L6_MC	21608	26888
1	MTYPE_L6_NBC	6316	25162
1	MTYPE_L6_NGC	1329	4040
1	MTYPE_L6_SBC	1868	6686
1	MTYPE_L6_TPC:A	188002	266050
1	MTYPE_L6_TPC:C	92297	178226
1	MTYPE_L6_UPC	134732	139347

2	MTYPE_L1_DAC	8459	8426	7703
2	MTYPE_L1_HAC	13286	13107	10722
2	MTYPE_L1_LAC	4069	4056	3687
2	MTYPE_L1_NGC-DA	10820	10508	7598
2	MTYPE_L1_NGC-SA	8306	7938	6087
2	MTYPE_L1_SAC	5881	5624	4216
2	MTYPE_L23_BP	9497	9497	8962
2	MTYPE_L23_BTC	15474	15480	15481
2	MTYPE_L23_CHC	3132	3132	3103
2	MTYPE_L23_DBC	8786	8793	8659
2	MTYPE_L23_LBC	45593	45596	45564
2	MTYPE_L23_MC	22760	22760	22757
2	MTYPE_L23_NBC	31055	31058	31052
2	MTYPE_L23_NGC	5261	5261	5254
2	MTYPE_L23_SBC	8018	8026	8025
2	MTYPE_L2_IPC	37233	37233	37233
2	MTYPE_L2_TPC:A	55844	55848	55847
2	MTYPE_L2_TPC:B	353705	353708	353706
2	MTYPE_L3_TPC:A	453858	453858	453858
2	MTYPE_L3_TPC:C	127492	127493	127493
2	MTYPE_L4_BP	1870	1869	1867
2	MTYPE_L4_BTC	5192	5194	5195
2	MTYPE_L4_CHC	386	386	386
2	MTYPE_L4_DBC	1746	1746	1746
2	MTYPE_L4_LBC	12943	12943	12943
2	MTYPE_L4_MC	9825	9831	9831
2	MTYPE_L4_NBC	8817	8817	8817
2	MTYPE_L4_NGC	1052	1052	1052
2	MTYPE_L4_SBC	1749	1749	1749
2	MTYPE_L4_SSC	57803	57803	57803
2	MTYPE_L4_TPC	408218	408232	408230
2	MTYPE_L4_UPC	169794	169797	169797
2	MTYPE_L5_BP	3473	3485	3485
2	MTYPE_L5_BTC	16545	16577	16580
2	MTYPE_L5_CHC	1021	1021	1021
2	MTYPE_L5_DBC	4088	4096	4096
2	MTYPE_L5_LBC	38707	38709	38707
2	MTYPE_L5_MC	16698	16707	16704
2	MTYPE_L5_NBC	26366	26367	26367
2	MTYPE_L5_NGC	3834	3834	3834
2	MTYPE_L5_SBC	4237	4238	4238
2	MTYPE_L5_TPC:A	337079	337086	337086
2	MTYPE_L5_TPC:B	265147	265147	265147
2	MTYPE_L5_TPC:C	48546	48546	48546
2	MTYPE_L5_UPC	47078	47079	47079
2	MTYPE_L6_BP	5212	5217	5218
2	MTYPE_L6_BPC	248284	248356	248357
2	MTYPE_L6_BTC	14067	14067	14067
2	MTYPE_L6_CHC	3512	3512	3512
2	MTYPE_L6_DBC	7165	7484	7575
2	MTYPE_L6_HPC	227041	227070	227070
2	MTYPE_L6_IPC	312092	312217	312221
2	MTYPE_L6_LBC	39506	39520	39519
2	MTYPE_L6_MC	28167	28186	28187
2	MTYPE_L6_NBC	26906	26919	26919
2	MTYPE_L6_NGC	4471	4471	4469
2	MTYPE_L6_SBC	7018	7018	7018
2	MTYPE_L6_TPC:A	268180	268228	268228
2	MTYPE_L6_TPC:C	177944	178816	178817
2	MTYPE_L6_UPC	141898	141918	141919

3	MTYPE_L1_DAC	8200	7889	6684	4373
3	MTYPE_L1_HAC	11983	11349	8669	4069
3	MTYPE_L1_LAC	3925	3788	3198	1729
3	MTYPE_L1_NGC-DA	10026	9033	6315	2801
3	MTYPE_L1_NGC-SA	6664	6277	4791	2359
3	MTYPE_L1_SAC	4502	4119	2930	1420
3	MTYPE_L23_BP	8679	6898	3959	2013
3	MTYPE_L23_BTC	15441	15463	15465	15235
3	MTYPE_L23_CHC	3132	3131	3113	2641
3	MTYPE_L23_DBC	8684	8742	8558	7069
3	MTYPE_L23_LBC	45402	45534	45389	43842
3	MTYPE_L23_MC	22749	22756	22751	22683
3	MTYPE_L23_NBC	30904	31037	31037	30615
3	MTYPE_L23_NGC	5258	5257	5232	4651
3	MTYPE_L23_SBC	7839	7972	8000	7973
3	MTYPE_L2_IPC	37231	37232	37232	37229
3	MTYPE_L2_TPC:A	55811	55832	55821	55185
3	MTYPE_L2_TPC:B	353669	353695	353689	353290
3	MTYPE_L3_TPC:A	453758	453842	453853	453851
3	MTYPE_L3_TPC:C	127469	127485	127489	127484
3	MTYPE_L4_BP	1865	1855	1822	1790
3	MTYPE_L4_BTC	5180	5191	5193	5174
3	MTYPE_L4_CHC	386	386	386	386
3	MTYPE_L4_DBC	1744	1745	1744	1719
3	MTYPE_L4_LBC	12936	12943	12942	12935
3	MTYPE_L4_MC	9589	9802	9826	9825
3	MTYPE_L4_NBC	8810	8816	8817	8812
3	MTYPE_L4_NGC	1050	1050	1050	1030
3	MTYPE_L4_SBC	1744	1748	1748	1724
3	MTYPE_L4_SSC	57792	57800	57800	57800
3	MTYPE_L4_TPC	407914	408082	408191	408071
3	MTYPE_L4_UPC	169705	169787	169793	169780
3	MTYPE_L5_BP	2997	3287	3428	3462
3	MTYPE_L5_BTC	15827	16517	16571	16570
3	MTYPE_L5_CHC	1021	1021	1021	1021
3	MTYPE_L5_DBC	4045	4077	4093	4082
3	MTYPE_L5_LBC	38676	38696	38692	38494
3	MTYPE_L5_MC	16604	16653	16677	16522
3	MTYPE_L5_NBC	26338	26361	26366	26357
3	MTYPE_L5_NGC	3824	3830	3828	3587
3	MTYPE_L5_SBC	4230	4234	4235	4238
3	MTYPE_L5_TPC:A	336947	337067	337085	337084
3	MTYPE_L5_TPC:B	265120	265146	265147	265145
3	MTYPE_L5_TPC:C	48545	48546	48544	48544
3	MTYPE_L5_UPC	47071	47078	47079	47078
3	MTYPE_L6_BP	5061	5162	5184	5187
3	MTYPE_L6_BPC	247606	248257	248331	248340
3	MTYPE_L6_BTC	14067	14066	14066	14067
3	MTYPE_L6_CHC	3512	3512	3512	3512
3	MTYPE_L6_DBC	5977	6516	7337	7559
3	MTYPE_L6_HPC	226596	227019	227056	227057
3	MTYPE_L6_IPC	309731	311972	312183	312183
3	MTYPE_L6_LBC	39188	39507	39514	39489
3	MTYPE_L6_MC	28045	28137	28178	28185
3	MTYPE_L6_NBC	26766	26896	26917	26915
3	MTYPE_L6_NGC	4468	4470	4467	4397
3	MTYPE_L6_SBC	7016	7017	7016	7009
3	MTYPE_L6_TPC:A	267651	268148	268207	268214
3	MTYPE_L6_TPC:C	174438	178605	178793	178803
3	MTYPE_L6_UPC	141330	141884	141907	141874

4	MTYPE_L1_DAC	6119	4975	3399	1708	530
4	MTYPE_L1_HAC	7744	6198	3674	1474	327
4	MTYPE_L1_LAC	2852	2447	1650	744	146
4	MTYPE_L1_NGC-DA	6413	4901	2830	1173	271
4	MTYPE_L1_NGC-SA	3305	2719	1568	631	203
4	MTYPE_L1_SAC	1903	1591	1004	530	324
4	MTYPE_L23_BP	983	383	119	47	23
4	MTYPE_L23_BTC	14580	14712	14199	12394	8636
4	MTYPE_L23_CHC	3129	3121	2979	2070	1034
4	MTYPE_L23_DBC	6774	6435	5121	3238	1430
4	MTYPE_L23_LBC	38403	41077	40852	37222	28754
4	MTYPE_L23_MC	22062	22211	22287	21279	15997
4	MTYPE_L23_NBC	24509	27682	28596	27227	23305
4	MTYPE_L23_NGC	4837	4917	4371	3051	1503
4	MTYPE_L23_SBC	6393	6863	7188	7214	6808
4	MTYPE_L2_IPC	37145	37175	37155	37082	35963
4	MTYPE_L2_TPC:A	54944	55026	53428	48374	37739
4	MTYPE_L2_TPC:B	351965	352795	352402	345955	315909
4	MTYPE_L3_TPC:A	450141	452319	453005	453104	451568
4	MTYPE_L3_TPC:C	124943	126422	127060	127204	126721
4	MTYPE_L4_BP	1454	1007	596	481	361
4	MTYPE_L4_BTC	4741	4904	4892	4724	4312
4	MTYPE_L4_CHC	386	386	386	385	379
4	MTYPE_L4_DBC	1676	1644	1572	1333	623
4	MTYPE_L4_LBC	12340	12687	12776	12660	11706
4	MTYPE_L4_MC	8909	9094	9283	9479	9397
4	MTYPE_L4_NBC	8161	8565	8653	8671	8441
4	MTYPE_L4_NGC	989	1032	1013	878	574
4	MTYPE_L4_SBC	1537	1636	1626	1606	1562
4	MTYPE_L4_SSC	56260	57438	57620	57640	57349
4	MTYPE_L4_TPC	396892	401419	404155	404140	396614
4	MTYPE_L4_UPC	166258	168595	169186	169129	166672
4	MTYPE_L5_BP	935	1380	1558	1599	1327
4	MTYPE_L5_BTC	12257	13713	14946	15707	15521
4	MTYPE_L5_CHC	1021	1021	1021	1018	993
4	MTYPE_L5_DBC	3581	3654	3659	3450	2922
4	MTYPE_L5_LBC	36255	37301	36980	33483	25405
4	MTYPE_L5_MC	13798	14308	14504	14491	13402
4	MTYPE_L5_NBC	24643	25899	26037	25869	24695
4	MTYPE_L5_NGC	3135	3413	2894	1540	363
4	MTYPE_L5_SBC	3633	3879	3913	3929	3778
4	MTYPE_L5_TPC:A	331622	335634	336554	336775	336511
4	MTYPE_L5_TPC:B	263911	264816	264996	265004	264793
4	MTYPE_L5_TPC:C	48372	48496	48509	48468	48024
4	MTYPE_L5_UPC	46821	47013	47049	47048	46978
4	MTYPE_L6_BP	2883	3107	3215	3257	3138
4	MTYPE_L6_BPC	229148	242411	246630	247944	248034
4	MTYPE_L6_BTC	14049	14058	14062	14058	14054
4	MTYPE_L6_CHC	3511	3511	3511	3508	3486
4	MTYPE_L6_DBC	3390	4016	4611	5120	5596
4	MTYPE_L6_HPC	209451	221550	225491	226636	226330
4	MTYPE_L6_IPC	287548	302371	308872	311286	311048
4	MTYPE_L6_LBC	36512	37954	39106	39007	37240
4	MTYPE_L6_MC	23232	25366	26606	27589	27928
4	MTYPE_L6_NBC	21919	25737	26683	26797	26536
4	MTYPE_L6_NGC	4409	4418	4334	3442	1206
4	MTYPE_L6_SBC	6864	6976	6981	6907	6515
4	MTYPE_L6_TPC:A	251750	262701	266864	267785	267648
4	MTYPE_L6_TPC:C	153929	166581	176736	178512	178531
4	MTYPE_L6_UPC	136682	139489	141175	140932	139018

5	MTYPE_L1_DAC	1107	525	186	62	18	1
5	MTYPE_L1_HAC	1612	818	272	69	18	0
5	MTYPE_L1_LAC	578	314	110	36	8	0
5	MTYPE_L1_NGC-DA	1034	527	184	56	9	2
5	MTYPE_L1_NGC-SA	296	119	34	13	3	0
5	MTYPE_L1_SAC	201	64	34	19	34	32
5	MTYPE_L23_BP	5	1	0	0	0	0
5	MTYPE_L23_BTC	3911	3559	2890	2212	1663	960
5	MTYPE_L23_CHC	3095	2732	1458	588	206	62
5	MTYPE_L23_DBC	1885	841	356	145	45	22
5	MTYPE_L23_LBC	6980	7521	6882	5907	4525	2708
5	MTYPE_L23_MC	10222	9486	7610	5540	3427	1528
5	MTYPE_L23_NBC	4539	5436	5547	4951	3806	2371
5	MTYPE_L23_NGC	591	439	287	150	72	25
5	MTYPE_L23_SBC	1488	1848	1918	1778	1458	1059
5	MTYPE_L2_IPC	16564	20356	20268	17495	12740	6869
5	MTYPE_L2_TPC:A	3559	5055	5180	5049	4470	3262
5	MTYPE_L2_TPC:B	155814	175786	170802	151859	121961	78155
5	MTYPE_L3_TPC:A	270126	302480	314653	312660	292965	239413
5	MTYPE_L3_TPC:C	85846	90407	90160	85470	75562	56994
5	MTYPE_L4_BP	138	11	4	5	6	1
5	MTYPE_L4_BTC	1861	2069	2041	1744	1200	540
5	MTYPE_L4_CHC	382	382	377	329	213	87
5	MTYPE_L4_DBC	650	399	228	111	33	8
5	MTYPE_L4_LBC	4545	5417	5385	4890	3921	2589
5	MTYPE_L4_MC	3548	4088	4386	4375	3719	2463
5	MTYPE_L4_NBC	1799	2749	3237	3440	3099	2411
5	MTYPE_L4_NGC	196	147	97	66	29	8
5	MTYPE_L4_SBC	198	275	360	431	406	280
5	MTYPE_L4_SSC	22284	29053	32047	31352	26615	17377
5	MTYPE_L4_TPC	185465	227651	251315	257679	247416	209728
5	MTYPE_L4_UPC	89468	103848	110356	106962	90170	59515
5	MTYPE_L5_BP	10	17	25	24	26	7
5	MTYPE_L5_BTC	3332	3561	3503	3520	3377	3146
5	MTYPE_L5_CHC	1014	1014	985	834	448	127
5	MTYPE_L5_DBC	748	637	411	291	193	109
5	MTYPE_L5_LBC	8233	9663	10071	9741	8516	6173
5	MTYPE_L5_MC	3491	3490	3372	3366	3256	3129
5	MTYPE_L5_NBC	4824	6887	7760	7582	6470	4124
5	MTYPE_L5_NGC	115	85	72	22	8	3
5	MTYPE_L5_SBC	562	895	1010	1030	988	844
5	MTYPE_L5_TPC:A	102323	166903	212221	242377	261465	264579
5	MTYPE_L5_TPC:B	135797	186401	207748	217985	222803	218779
5	MTYPE_L5_TPC:C	28668	36158	37030	34937	31116	25591
5	MTYPE_L5_UPC	26841	33033	35541	35956	34594	29878
5	MTYPE_L6_BP	201	323	396	320	195	99
5	MTYPE_L6_BPC	92815	125127	154060	177762	190884	183431
5	MTYPE_L6_BTC	9762	11155	11313	11171	10880	9419
5	MTYPE_L6_CHC	3472	3419	3217	2870	2410	1367
5	MTYPE_L6_DBC	58	119	181	245	345	499
5	MTYPE_L6_HPC	76241	105042	133443	155408	166803	162345
5	MTYPE_L6_IPC	129924	175393	208676	227243	227533	202044
5	MTYPE_L6_LBC	16512	19712	21515	21747	20410	15586
5	MTYPE_L6_MC	8096	9193	11079	13463	15989	17550
5	MTYPE_L6_NBC	7633	9986	11847	13253	13821	12202
5	MTYPE_L6_NGC	1632	1384	769	284	67	8
5	MTYPE_L6_SBC	1444	2137	2593	2588	2277	1556
5	MTYPE_L6_TPC:A	120705	150255	176248	194991	202840	197198
5	MTYPE_L6_TPC:C	41146	72232	96650	115311	128262	129013
5	MTYPE_L6_UPC	92015	104097	109956	112271	111314	102757

6	MTYPE_L1_DAC	2	0	0	0	0	0	0
6	MTYPE_L1_HAC	11	4	0	0	0	0	0
6	MTYPE_L1_LAC	1	0	0	0	0	0	0
6	MTYPE_L1_NGC-DA	2	1	0	0	0	0	0
6	MTYPE_L1_NGC-SA	1	1	0	0	0	0	0
6	MTYPE_L1_SAC	0	0	0	0	0	0	0
6	MTYPE_L23_BP	0	0	0	0	0	0	0
6	MTYPE_L23_BTC	34	37	23	11	14	4	2
6	MTYPE_L23_CHC	873	195	40	15	2	0	0
6	MTYPE_L23_DBC	11	4	1	0	0	0	0
6	MTYPE_L23_LBC	9	14	11	11	13	13	5
6	MTYPE_L23_MC	47	39	30	38	22	15	3
6	MTYPE_L23_NBC	13	18	18	16	17	7	7
6	MTYPE_L23_NGC	1	0	0	0	0	0	0
6	MTYPE_L23_SBC	2	9	9	8	3	2	3
6	MTYPE_L2_IPC	44	79	100	96	76	44	28
6	MTYPE_L2_TPC:A	3	9	7	10	12	11	9
6	MTYPE_L2_TPC:B	968	1163	1095	1036	901	720	501
6	MTYPE_L3_TPC:A	4365	4903	4779	4466	3988	3441	2675
6	MTYPE_L3_TPC:C	940	1289	1280	1112	964	779	501
6	MTYPE_L4_BP	1	0	0	0	0	0	0
6	MTYPE_L4_BTC	7	6	8	9	5	2	0
6	MTYPE_L4_CHC	166	86	43	19	4	2	0
6	MTYPE_L4_DBC	3	1	0	0	0	0	0
6	MTYPE_L4_LBC	6	12	17	21	24	13	11
6	MTYPE_L4_MC	7	13	13	12	17	14	6
6	MTYPE_L4_NBC	2	0	8	14	18	26	18
6	MTYPE_L4_NGC	0	0	0	1	0	0	0
6	MTYPE_L4_SBC	0	1	1	0	1	2	0
6	MTYPE_L4_SSC	69	147	159	138	117	89	55
6	MTYPE_L4_TPC	871	1600	2215	2498	2665	2435	1974
6	MTYPE_L4_UPC	1793	1783	1518	1179	831	571	342
6	MTYPE_L5_BP	0	0	0	0	0	0	0
6	MTYPE_L5_BTC	19	13	8	7	10	6	9
6	MTYPE_L5_CHC	258	122	55	20	9	0	1
6	MTYPE_L5_DBC	7	0	1	0	0	0	0
6	MTYPE_L5_LBC	17	23	25	21	36	36	22
6	MTYPE_L5_MC	11	4	5	14	11	6	12
6	MTYPE_L5_NBC	7	17	14	23	19	14	11
6	MTYPE_L5_NGC	1	0	0	0	0	0	0
6	MTYPE_L5_SBC	1	3	1	0	0	0	0
6	MTYPE_L5_TPC:A	237	494	735	1124	1705	2348	3291
6	MTYPE_L5_TPC:B	495	737	1079	1568	2078	2671	2933
6	MTYPE_L5_TPC:C	263	339	334	357	334	267	190
6	MTYPE_L5_UPC	162	218	231	262	262	224	172
6	MTYPE_L6_BP	1	1	1	1	0	0	0
6	MTYPE_L6_BPC	3194	3711	3799	3777	3743	3638	3576
6	MTYPE_L6_BTC	81	106	104	128	111	118	84
6	MTYPE_L6_CHC	983	638	353	159	83	27	10
6	MTYPE_L6_DBC	0	0	0	0	1	1	2
6	MTYPE_L6_HPC	683	1266	1893	2560	2970	3338	3869
6	MTYPE_L6_IPC	3329	4179	4558	4741	4764	4643	4006
6	MTYPE_L6_LBC	77	140	204	223	214	189	124
6	MTYPE_L6_MC	64	76	111	126	171	161	218
6	MTYPE_L6_NBC	40	56	90	119	144	131	102
6	MTYPE_L6_NGC	10	6	5	0	1	0	0
6	MTYPE_L6_SBC	6	5	11	10	12	6	11
6	MTYPE_L6_TPC:A	6897	6699	5915	5002	4005	3524	2917
6	MTYPE_L6_TPC:C	85	283	500	762	1190	1480	1604
6	MTYPE_L6_UPC	1452	2110	2586	2726	2719	2489	2042

7	MTYPE_L1_DAC	0	0	0	0	0	0	0	0
7	MTYPE_L1_HAC	0	0	0	0	0	0	0	0
7	MTYPE_L1_LAC	0	0	0	0	0	0	0	0
7	MTYPE_L1_NGC-DA	0	0	0	0	0	0	0	0
7	MTYPE_L1_NGC-SA	0	0	0	0	0	0	0	0
7	MTYPE_L1_SAC	0	0	0	0	0	0	0	0
7	MTYPE_L23_BP	0	0	0	0	0	0	0	0
7	MTYPE_L23_BTC	0	0	0	0	0	0	0	0
7	MTYPE_L23_CHC	5	0	0	0	0	0	0	0
7	MTYPE_L23_DBC	0	0	0	0	0	0	0	0
7	MTYPE_L23_LBC	0	0	0	0	0	0	0	0
7	MTYPE_L23_MC	0	0	0	1	0	0	0	0
7	MTYPE_L23_NBC	0	0	0	0	0	0	0	0
7	MTYPE_L23_NGC	0	0	0	0	0	0	0	0
7	MTYPE_L23_SBC	0	0	0	0	0	0	0	0
7	MTYPE_L2_IPC	0	0	0	0	0	0	0	0
7	MTYPE_L2_TPC:A	0	0	0	0	0	1	0	0
7	MTYPE_L2_TPC:B	1	6	6	4	5	4	4	3
7	MTYPE_L3_TPC:A	2	2	2	3	4	3	3	4
7	MTYPE_L3_TPC:C	0	2	2	1	0	0	1	0
7	MTYPE_L4_BP	0	0	0	0	0	0	0	0
7	MTYPE_L4_BTC	0	0	0	0	0	0	0	0
7	MTYPE_L4_CHC	0	0	0	0	0	0	0	0
7	MTYPE_L4_DBC	0	0	0	0	0	0	0	0
7	MTYPE_L4_LBC	0	0	0	0	0	0	0	0
7	MTYPE_L4_MC	0	0	0	0	0	0	0	0
7	MTYPE_L4_NBC	0	0	0	0	0	0	0	0
7	MTYPE_L4_NGC	0	0	0	0	0	0	0	0
7	MTYPE_L4_SBC	0	0	0	0	0	0	0	0
7	MTYPE_L4_SSC	0	0	0	0	0	0	0	0
7	MTYPE_L4_TPC	1	0	1	1	1	2	1	2
7	MTYPE_L4_UPC	0	1	1	0	0	0	0	0
7	MTYPE_L5_BP	0	0	0	0	0	0	0	0
7	MTYPE_L5_BTC	0	0	0	0	0	0	0	0
7	MTYPE_L5_CHC	1	0	0	0	0	0	0	0
7	MTYPE_L5_DBC	0	0	0	0	0	0	0	0
7	MTYPE_L5_LBC	0	0	0	0	0	0	0	0
7	MTYPE_L5_MC	0	0	0	0	0	0	0	0
7	MTYPE_L5_NBC	0	0	0	0	0	0	0	0
7	MTYPE_L5_NGC	0	0	0	0	0	0	0	0
7	MTYPE_L5_SBC	0	0	0	0	0	0	0	0
7	MTYPE_L5_TPC:A	0	0	0	0	1	0	1	1
7	MTYPE_L5_TPC:B	0	0	0	0	0	0	0	0
7	MTYPE_L5_TPC:C	0	0	0	1	0	0	0	0
7	MTYPE_L5_UPC	0	0	0	0	0	0	0	0
7	MTYPE_L6_BP	0	0	0	0	0	0	0	0
7	MTYPE_L6_BPC	3	2	4	3	2	0	5	3
7	MTYPE_L6_BTC	0	0	0	0	0	0	0	0
7	MTYPE_L6_CHC	4	1	2	1	0	0	0	0
7	MTYPE_L6_DBC	0	0	0	0	0	0	0	0
7	MTYPE_L6_HPC	0	2	1	2	2	7	1	5
7	MTYPE_L6_IPC	2	2	1	6	8	4	3	4
7	MTYPE_L6_LBC	0	0	0	0	0	0	0	0
7	MTYPE_L6_MC	0	0	0	0	0	0	0	0
7	MTYPE_L6_NBC	0	0	0	0	0	0	0	0
7	MTYPE_L6_NGC	0	0	0	0	0	0	0	0
7	MTYPE_L6_SBC	0	0	0	0	0	0	0	0
7	MTYPE_L6_TPC:A	6	7	5	4	3	1	5	3
7	MTYPE_L6_TPC:C	0	0	0	0	0	1	2	1
7	MTYPE_L6_UPC	1	2	3	0	1	4	0	0
