6	MTYPE_L1_DAC	8	3	4	0	0	0	0
6	MTYPE_L1_HAC	6	3	2	1	0	0	0
6	MTYPE_L1_LAC	8	0	1	0	0	0	0
6	MTYPE_L1_NGC-DA	3	1	1	0	0	0	0
6	MTYPE_L1_NGC-SA	0	0	0	0	0	0	0
6	MTYPE_L1_SAC	0	0	0	0	0	0	1
6	MTYPE_L23_BP	0	0	0	0	0	0	0
6	MTYPE_L23_BTC	73	46	33	23	24	17	15
6	MTYPE_L23_CHC	932	251	62	14	3	0	0
6	MTYPE_L23_DBC	22	4	4	1	0	0	0
6	MTYPE_L23_LBC	15	18	26	27	27	22	12
6	MTYPE_L23_MC	74	56	37	33	17	9	2
6	MTYPE_L23_NBC	17	21	22	27	27	15	3
6	MTYPE_L23_NGC	4	3	2	2	3	1	1
6	MTYPE_L23_SBC	5	9	5	9	4	4	6
6	MTYPE_L2_IPC	85	158	191	190	157	109	44
6	MTYPE_L2_TPC:A	3	10	9	18	21	15	13
6	MTYPE_L2_TPC:B	1431	1701	1554	1460	1226	1018	735
6	MTYPE_L3_TPC:A	6872	7399	7278	6567	5599	4575	3293
6	MTYPE_L3_TPC:C	2140	2283	2158	1703	1320	945	601
6	MTYPE_L4_BP	0	0	0	0	0	0	0
6	MTYPE_L4_BTC	9	12	12	16	3	1	1
6	MTYPE_L4_CHC	239	141	67	21	11	4	0
6	MTYPE_L4_DBC	11	6	2	3	1	1	0
6	MTYPE_L4_LBC	18	31	34	29	27	18	17
6	MTYPE_L4_MC	18	25	30	27	19	10	3
6	MTYPE_L4_NBC	5	8	16	22	33	26	25
6	MTYPE_L4_NGC	1	0	0	1	1	1	0
6	MTYPE_L4_SBC	0	1	2	1	1	2	0
6	MTYPE_L4_SSC	251	432	443	438	370	266	129
6	MTYPE_L4_TPC	2956	4858	6202	6729	6635	5666	3772
6	MTYPE_L4_UPC	4470	4165	3275	2488	1826	1115	624
6	MTYPE_L5_BP	0	0	0	1	0	0	0
6	MTYPE_L5_BTC	18	17	18	12	23	16	25
6	MTYPE_L5_CHC	364	243	103	35	10	2	1
6	MTYPE_L5_DBC	4	2	2	1	1	1	2
6	MTYPE_L5_LBC	24	38	49	50	78	74	65
6	MTYPE_L5_MC	23	16	18	16	18	30	52
6	MTYPE_L5_NBC	8	18	29	27	40	45	30
6	MTYPE_L5_NGC	1	0	0	0	0	1	0
6	MTYPE_L5_SBC	0	2	5	3	2	0	2
6	MTYPE_L5_TPC:A	542	938	1420	2284	3526	4937	6642
6	MTYPE_L5_TPC:B	1148	1695	2354	3492	4692	6140	7372
6	MTYPE_L5_TPC:C	509	656	713	759	678	581	358
6	MTYPE_L5_UPC	398	543	644	720	711	623	431
6	MTYPE_L6_BP	1	0	0	0	0	0	0
6	MTYPE_L6_BPC	5009	6106	6694	7213	7323	7674	7862
6	MTYPE_L6_BTC	49	67	61	80	68	68	57
6	MTYPE_L6_CHC	1341	919	473	166	65	26	10
6	MTYPE_L6_DBC	0	0	0	0	3	12	26
6	MTYPE_L6_HPC	1365	2529	3709	4930	5838	6708	7216
6	MTYPE_L6_IPC	6023	7727	8438	8452	8304	7436	6024
6	MTYPE_L6_LBC	122	158	221	272	213	199	120
6	MTYPE_L6_MC	64	79	100	115	121	142	210
6	MTYPE_L6_NBC	47	70	100	89	108	116	68
6	MTYPE_L6_NGC	13	15	14	9	8	4	0
6	MTYPE_L6_SBC	6	6	19	11	11	11	6
6	MTYPE_L6_TPC:A	12267	12410	10955	9167	7583	6136	4990
6	MTYPE_L6_TPC:C	253	647	1224	1868	2709	3384	3604
6	MTYPE_L6_UPC	2505	3688	4618	5043	5063	4689	3966
