0	SYN_Exc_Exc	3738444	0
0	SYN_Exc_Inh	0	0
0	SYN_Inh_Inh	496485	2
1	SYN_Exc_Exc	1782358415	16193875
1	SYN_Exc_Inh	259302537	5043533
1	SYN_Inh_Inh	8603112	130445
2	SYN_Exc_Exc	18840374496	2691302624
2	SYN_Exc_Inh	3014061744	606455880
2	SYN_Inh_Inh	3847426	1025073
3	SYN_Exc_Exc	15655058012	10043330685
3	SYN_Exc_Inh	2596365314	1795040914
3	SYN_Inh_Inh	125913	104252
4	SYN_Exc_Exc	1568802143	1438297491
4	SYN_Exc_Inh	278573864	256141080
4	SYN_Inh_Inh	430	427
5	SYN_Exc_Exc	24108032	23657499
5	SYN_Exc_Inh	5165178	5054707
5	SYN_Inh_Inh	0	0
6	SYN_Exc_Exc	68572	68326
6	SYN_Exc_Inh	20646	20523
6	SYN_Inh_Inh	0	0
7	SYN_Exc_Exc	31	31
7	SYN_Exc_Inh	19	19
7	SYN_Inh_Inh	0	0
