2	MTYPE_L1_DAC	8464	8467	8405
2	MTYPE_L1_HAC	13355	13391	12978
2	MTYPE_L1_LAC	4074	4074	4060
2	MTYPE_L1_NGC-DA	10837	10789	9974
2	MTYPE_L1_NGC-SA	8380	8313	7754
2	MTYPE_L1_SAC	5995	5986	5704
2	MTYPE_L23_BP	9526	9570	9595
2	MTYPE_L23_BTC	15475	15482	15482
2	MTYPE_L23_CHC	3132	3132	3132
2	MTYPE_L23_DBC	8788	8798	8804
2	MTYPE_L23_LBC	45592	45596	45595
2	MTYPE_L23_MC	22760	22760	22760
2	MTYPE_L23_NBC	31055	31058	31056
2	MTYPE_L23_NGC	5261	5261	5261
2	MTYPE_L23_SBC	8016	8026	8026
2	MTYPE_L2_IPC	37233	37233	37233
2	MTYPE_L2_TPC:A	55845	55848	55847
2	MTYPE_L2_TPC:B	353706	353708	353706
2	MTYPE_L3_TPC:A	453858	453858	453858
2	MTYPE_L3_TPC:C	127491	127493	127493
2	MTYPE_L4_BP	1870	1870	1870
2	MTYPE_L4_BTC	5192	5194	5195
2	MTYPE_L4_CHC	386	386	386
2	MTYPE_L4_DBC	1746	1746	1746
2	MTYPE_L4_LBC	12943	12943	12943
2	MTYPE_L4_MC	9827	9831	9831
2	MTYPE_L4_NBC	8817	8817	8817
2	MTYPE_L4_NGC	1052	1052	1052
2	MTYPE_L4_SBC	1749	1749	1747
2	MTYPE_L4_SSC	57803	57803	57803
2	MTYPE_L4_TPC	408222	408232	408231
2	MTYPE_L4_UPC	169795	169797	169797
2	MTYPE_L5_BP	3480	3485	3485
2	MTYPE_L5_BTC	16560	16579	16580
2	MTYPE_L5_CHC	1021	1021	1021
2	MTYPE_L5_DBC	4087	4096	4096
2	MTYPE_L5_LBC	38709	38709	38709
2	MTYPE_L5_MC	16703	16708	16707
2	MTYPE_L5_NBC	26367	26367	26367
2	MTYPE_L5_NGC	3834	3834	3834
2	MTYPE_L5_SBC	4238	4238	4238
2	MTYPE_L5_TPC:A	337081	337086	337086
2	MTYPE_L5_TPC:B	265147	265147	265147
2	MTYPE_L5_TPC:C	48546	48546	48546
2	MTYPE_L5_UPC	47078	47079	47079
2	MTYPE_L6_BP	5213	5218	5218
2	MTYPE_L6_BPC	248299	248354	248357
2	MTYPE_L6_BTC	14067	14067	14067
2	MTYPE_L6_CHC	3512	3512	3512
2	MTYPE_L6_DBC	7005	7493	7575
2	MTYPE_L6_HPC	227046	227070	227071
2	MTYPE_L6_IPC	312096	312218	312221
2	MTYPE_L6_LBC	39504	39520	39520
2	MTYPE_L6_MC	28173	28186	28187
2	MTYPE_L6_NBC	26900	26919	26919
2	MTYPE_L6_NGC	4471	4471	4471
2	MTYPE_L6_SBC	7018	7018	7018
2	MTYPE_L6_TPC:A	268194	268228	268228
2	MTYPE_L6_TPC:C	178112	178816	178817
2	MTYPE_L6_UPC	141895	141919	141918
