0	LAYER_1_1	51652	2
0	LAYER_1_2	0	0
0	LAYER_1_3	0	0
0	LAYER_1_4	0	0
0	LAYER_1_5	0	0
0	LAYER_1_6	0	0
0	LAYER_2_2	536321	0
0	LAYER_2_3	0	0
0	LAYER_2_4	0	0
0	LAYER_2_5	0	0
0	LAYER_2_6	0	0
0	LAYER_3_3	641539	0
0	LAYER_3_4	0	0
0	LAYER_3_5	0	0
0	LAYER_3_6	0	0
0	LAYER_4_4	679421	0
0	LAYER_4_5	0	0
0	LAYER_4_6	0	0
0	LAYER_5_5	812896	0
0	LAYER_5_6	0	0
0	LAYER_6_6	1513100	0
1	LAYER_1_1	183838	8192
1	LAYER_1_2	4311157	131605
1	LAYER_1_3	3318509	126390
1	LAYER_1_4	1784767	83343
1	LAYER_1_5	3716068	63148
1	LAYER_1_6	312449	23989
1	LAYER_2_2	56921628	402056
1	LAYER_2_3	86588122	731104
1	LAYER_2_4	50888072	715643
1	LAYER_2_5	76095660	889599
1	LAYER_2_6	31413365	974234
1	LAYER_3_3	91370322	645027
1	LAYER_3_4	127939458	1207065
1	LAYER_3_5	147975815	1134400
1	LAYER_3_6	91228503	2028690
1	LAYER_4_4	84868681	459246
1	LAYER_4_5	172377450	1335956
1	LAYER_4_6	121795226	2393563
1	LAYER_5_5	149793689	607404
1	LAYER_5_6	285317741	2891804
1	LAYER_6_6	462063544	4515395
2	LAYER_1_1	29533	13801
2	LAYER_1_2	17494744	4451189
2	LAYER_1_3	8949727	2361546
2	LAYER_1_4	2435205	742346
2	LAYER_1_5	13423701	3575705
2	LAYER_1_6	74368	47587
2	LAYER_2_2	250636042	37421999
2	LAYER_2_3	753173903	127536186
2	LAYER_2_4	261720136	54585410
2	LAYER_2_5	544587566	104614408
2	LAYER_2_6	93511907	35990623
2	LAYER_3_3	491156554	51423412
2	LAYER_3_4	1338880052	154265125
2	LAYER_3_5	1597588549	192005509
2	LAYER_3_6	418074022	129272630
2	LAYER_4_4	439578821	32989546
2	LAYER_4_5	2162380864	211745195
2	LAYER_4_6	630415876	196539407
2	LAYER_5_5	943924234	80655897
2	LAYER_5_6	3577321555	590388426
2	LAYER_6_6	4353387575	472500882
3	LAYER_1_1	467	425
3	LAYER_1_2	6992216	5297830
3	LAYER_1_3	2718920	2017746
3	LAYER_1_4	395082	305788
3	LAYER_1_5	3927283	3183225
3	LAYER_1_6	1770	1671
3	LAYER_2_2	118008194	76805258
3	LAYER_2_3	500421706	335865493
3	LAYER_2_4	99298540	72093771
3	LAYER_2_5	236285090	180434506
3	LAYER_2_6	24146794	19985556
3	LAYER_3_3	299420056	168156318
3	LAYER_3_4	1097609620	660806989
3	LAYER_3_5	1139689749	754942346
3	LAYER_3_6	135279938	105498286
3	LAYER_4_4	234423450	130537725
3	LAYER_4_5	1911151490	1179657008
3	LAYER_4_6	207457870	166346766
3	LAYER_5_5	477708568	304039113
3	LAYER_5_6	2995811668	2023357052
3	LAYER_6_6	4026494674	2275403691
4	LAYER_1_1	0	0
4	LAYER_1_2	379139	359286
4	LAYER_1_3	131568	123673
4	LAYER_1_4	10304	9869
4	LAYER_1_5	119434	115856
4	LAYER_1_6	4	4
4	LAYER_2_2	8564307	7760824
4	LAYER_2_3	44780858	40940224
4	LAYER_2_4	4785321	4505419
4	LAYER_2_5	9942922	9542386
4	LAYER_2_6	1000605	962076
4	LAYER_3_3	28455687	25219892
4	LAYER_3_4	109951679	100091750
4	LAYER_3_5	83879658	78539455
4	LAYER_3_6	6416857	6090853
4	LAYER_4_4	16803140	15060015
4	LAYER_4_5	183983758	169358770
4	LAYER_4_6	8689197	8322484
4	LAYER_5_5	26643277	24805705
4	LAYER_5_6	288576320	267818070
4	LAYER_6_6	523282049	463856556
5	LAYER_1_1	0	0
5	LAYER_1_2	3386	3358
5	LAYER_1_3	1234	1216
5	LAYER_1_4	39	39
5	LAYER_1_5	435	434
5	LAYER_1_6	0	0
5	LAYER_2_2	125256	121591
5	LAYER_2_3	754674	736637
5	LAYER_2_4	39521	38986
5	LAYER_2_5	53646	53226
5	LAYER_2_6	7675	7605
5	LAYER_3_3	494599	481843
5	LAYER_3_4	1651497	1621136
5	LAYER_3_5	798710	789254
5	LAYER_3_6	57808	57088
5	LAYER_4_4	193515	189265
5	LAYER_4_5	2439599	2398918
5	LAYER_4_6	63814	63116
5	LAYER_5_5	208998	206340
5	LAYER_5_6	4153293	4090181
5	LAYER_6_6	11385973	11094044
6	LAYER_1_1	0	0
6	LAYER_1_2	5	5
6	LAYER_1_3	2	2
6	LAYER_1_4	0	0
6	LAYER_1_5	0	0
6	LAYER_1_6	0	0
6	LAYER_2_2	534	507
6	LAYER_2_3	3037	2996
6	LAYER_2_4	75	75
6	LAYER_2_5	56	56
6	LAYER_2_6	14	14
6	LAYER_3_3	1653	1653
6	LAYER_3_4	4376	4361
6	LAYER_3_5	1252	1252
6	LAYER_3_6	118	118
6	LAYER_4_4	398	397
6	LAYER_4_5	5829	5824
6	LAYER_4_6	109	109
6	LAYER_5_5	285	285
6	LAYER_5_6	10569	10538
6	LAYER_6_6	46158	45961
7	LAYER_1_1	0	0
7	LAYER_1_2	0	0
7	LAYER_1_3	0	0
7	LAYER_1_4	0	0
7	LAYER_1_5	0	0
7	LAYER_1_6	0	0
7	LAYER_2_2	3	3
7	LAYER_2_3	6	6
7	LAYER_2_4	0	0
7	LAYER_2_5	0	0
7	LAYER_2_6	0	0
7	LAYER_3_3	0	0
7	LAYER_3_4	2	2
7	LAYER_3_5	0	0
7	LAYER_3_6	0	0
7	LAYER_4_4	0	0
7	LAYER_4_5	0	0
7	LAYER_4_6	0	0
7	LAYER_5_5	0	0
7	LAYER_5_6	4	4
7	LAYER_6_6	27	27
